1607
1608
1609
1610
1611
1612
1613
1614
1615
1616
1617
62
1618
1619
1620
1622
1623
2451
239
1624
1625
1626
1627
1628
1629
1630
1631
1632
1633
1634
1635
1636
1637
672
1638
1639
1640
1641
1642
1643
1644
1645
1646
1647
1648
1649
1601
667
1650
1651
1652
1653
1654
1655
1656
1657
1658
1659
1660
1661
1662
1663
1664
1665
1666
1667
1668
1669
1670
2452
2453
2454
2455
2456
2457
2458
2459
2460
2461
2462
2463
2464
2465
2466
2467
2468
2469
2470
2471
2472
2473
2474
2475
2476
2360
2477
2478
2479
2480
2481
2482
2483
2484
2485
2486
2487
2488
2489
2490
2491
2492
2493
2494
2495
2496
2497
2498
2499
2500
2501
2502
1782
1
